39.8
47
0.12
0.31
3
2.6
5
0.018
49
0.18
0.18
0.18
0.00000047
0.01
0.3
23
10
2.8
13
0.0000001
59
59.5
34
25
2
135
44
30
55
105
120
180
10
8
30
90
50
95
120
150
111
327
1583
2172
0.597
13
0.19
0.066
4500
17.35
0.008
0.13
2.67
0.694
0.979
2
1.03
0.88
0.68
1.24
22
0.005
0.034
0.09
0.02
6000
2500
26000
2.8
110
390
0.012
10
480
0.3
0.4
60
0.034
0.38
50
2.6
120
0.3
0.8
0.9
1.4
4.2
60.1
88.7
5.7
21.7
8.4
0.12
0.28
0.95
1.02
6.55
1.5
2.2
19.7
19
0.011
0.006
0.003
0.008
2.2
1.9
2.1
4
11
5.7
4.5
6.11
4.9
0.404
0.489
1
1.2
202
115
189
143
811.1111111
550
116.6666667
2.7
3.3
16
2.5
30
14
4.2
18
5.3
18
30
0.37
0.38
0.38
0.38
0.39
0.0029
1
1
2.6
0.036
0.028
0.009
0.017
0.019
0.012
0.017
0.015
0.0022
0.0066
0.0032
0.65
0.33
0.17
0.14
0.22
0.014
0.0071
0.022
0.014
0.0023
0.019
0.047
0.012
0.035
0.025
0.0001
0.0069
0.07
0.19
0.02
1.3
0.0026
0.5
0.54
1.3
0.96
0.25
0.62
0.72
0.31
0.29
0.39
0.39
0.0061
0.025
0.0018
0.15
0.23
0.26
1.2
0.62
0.2
1
1.2
2.9
0.74
0.0017
0.02
0.25
0.094
0.014
0.028
0.045
0.16
0.02
0.026
0.035
0.2
0.32
0.31
0.034
0.049
0.05
0.18
0.036
38
0.24
1.4
0.2
2.1
3.1
15
4
7.7
0.86
0.76
1.4
1.4
1.7
2.5
63
3.3
8.2
77
5.7
4.7
71
19
7
0.045
1.2
